 &plot nbnd=   8, nks=    91 /
            0.500000  0.500000  0.500000
   -3.238   -0.614    5.189    5.189    8.051    9.740    9.740   14.171
            0.475000  0.475000  0.475000
   -3.275   -0.562    5.193    5.193    8.056    9.746    9.746   14.179
            0.450000  0.450000  0.450000
   -3.377   -0.413    5.207    5.207    8.071    9.762    9.762   14.203
            0.425000  0.425000  0.425000
   -3.526   -0.186    5.229    5.229    8.096    9.787    9.787   14.242
            0.400000  0.400000  0.400000
   -3.703    0.099    5.261    5.261    8.132    9.820    9.820   14.289
            0.375000  0.375000  0.375000
   -3.894    0.429    5.301    5.301    8.176    9.857    9.857   14.337
            0.350000  0.350000  0.350000
   -4.088    0.792    5.350    5.350    8.231    9.894    9.894   14.363
            0.325000  0.325000  0.325000
   -4.280    1.183    5.408    5.408    8.294    9.927    9.927   14.309
            0.300000  0.300000  0.300000
   -4.465    1.595    5.474    5.474    8.366    9.948    9.948   14.019
            0.275000  0.275000  0.275000
   -4.640    2.026    5.549    5.549    8.446    9.949    9.949   13.784
            0.250000  0.250000  0.250000
   -4.803    2.472    5.630    5.630    8.532    9.925    9.925   13.487
            0.225000  0.225000  0.225000
   -4.954    2.930    5.718    5.718    8.623    9.871    9.871   13.071
            0.200000  0.200000  0.200000
   -5.090    3.397    5.812    5.812    8.717    9.786    9.786   12.637
            0.175000  0.175000  0.175000
   -5.211    3.870    5.909    5.909    8.811    9.674    9.674   12.194
            0.150000  0.150000  0.150000
   -5.317    4.344    6.008    6.008    8.900    9.545    9.545   11.752
            0.125000  0.125000  0.125000
   -5.407    4.813    6.105    6.105    8.979    9.408    9.408   11.319
            0.100000  0.100000  0.100000
   -5.482    5.266    6.196    6.196    9.038    9.274    9.274   10.911
            0.075000  0.075000  0.075000
   -5.539    5.686    6.277    6.277    9.066    9.155    9.155   10.551
            0.050000  0.050000  0.050000
   -5.581    6.047    6.341    6.341    9.051    9.060    9.060   10.273
            0.025000  0.025000  0.025000
   -5.606    6.302    6.383    6.383    8.999    8.999    9.005   10.105
            0.000000  0.000000  0.000000
   -5.614    6.397    6.397    6.397    8.978    8.978    8.978   10.052
            0.033333  0.000000  0.000000
   -5.609    6.366    6.376    6.376    8.966    9.006    9.006   10.083
            0.066667  0.000000  0.000000
   -5.595    6.274    6.314    6.314    8.930    9.086    9.086   10.171
            0.100000  0.000000  0.000000
   -5.570    6.132    6.219    6.219    8.873    9.211    9.211   10.307
            0.133333  0.000000  0.000000
   -5.535    5.948    6.098    6.098    8.796    9.374    9.374   10.475
            0.166667  0.000000  0.000000
   -5.491    5.733    5.961    5.961    8.704    9.565    9.565   10.657
            0.200000  0.000000  0.000000
   -5.437    5.494    5.812    5.812    8.599    9.780    9.780   10.830
            0.233333  0.000000  0.000000
   -5.373    5.238    5.658    5.658    8.485   10.012   10.012   10.960
            0.266667  0.000000  0.000000
   -5.300    4.970    5.501    5.501    8.365   10.259   10.259   11.010
            0.300000  0.000000  0.000000
   -5.217    4.692    5.343    5.343    8.241   10.516   10.516   10.953
            0.333333  0.000000  0.000000
   -5.124    4.407    5.188    5.188    8.116   10.783   10.783   10.801
            0.366667  0.000000  0.000000
   -5.021    4.118    5.037    5.037    7.993   10.587   11.058   11.058
            0.400000  0.000000  0.000000
   -4.909    3.824    4.890    4.890    7.872   10.340   11.339   11.339
            0.433333  0.000000  0.000000
   -4.788    3.527    4.748    4.748    7.755   10.078   11.625   11.625
            0.466667  0.000000  0.000000
   -4.658    3.228    4.612    4.612    7.643    9.813   11.917   11.917
            0.500000  0.000000  0.000000
   -4.518    2.928    4.483    4.483    7.537    9.551   12.212   12.212
            0.533333  0.000000  0.000000
   -4.369    2.627    4.361    4.361    7.438    9.297   12.511   12.511
            0.566667  0.000000  0.000000
   -4.211    2.326    4.247    4.247    7.347    9.052   12.813   12.813
            0.600000  0.000000  0.000000
   -4.044    2.024    4.140    4.140    7.265    8.818   13.118   13.118
            0.633333  0.000000  0.000000
   -3.869    1.723    4.041    4.041    7.192    8.597   13.426   13.426
            0.666667  0.000000  0.000000
   -3.685    1.424    3.950    3.950    7.128    8.390   13.737   13.737
            0.700000  0.000000  0.000000
   -3.492    1.125    3.867    3.867    7.074    8.197   14.050   14.050
            0.733333  0.000000  0.000000
   -3.291    0.829    3.793    3.793    7.031    8.018   14.365   14.365
            0.766667  0.000000  0.000000
   -3.082    0.535    3.727    3.727    6.999    7.854   14.683   14.683
            0.800000  0.000000  0.000000
   -2.866    0.245    3.670    3.670    6.978    7.704   15.002   15.002
            0.833333  0.000000  0.000000
   -2.641   -0.043    3.621    3.621    6.968    7.568   15.322   15.322
            0.866667  0.000000  0.000000
   -2.410   -0.327    3.581    3.581    6.970    7.447   15.642   15.642
            0.900000  0.000000  0.000000
   -2.171   -0.606    3.550    3.550    6.984    7.340   15.959   15.959
            0.933333  0.000000  0.000000
   -1.925   -0.881    3.528    3.528    7.011    7.247   16.264   16.264
            0.966667  0.000000  0.000000
   -1.673   -1.151    3.515    3.515    7.050    7.168   16.532   16.532
            1.000000  0.000000  0.000000
   -1.415   -1.415    3.510    3.510    7.103    7.103   16.661   16.661
            1.000000  0.025000  0.025000
   -1.417   -1.409    3.472    3.515    7.108    7.159   16.595   16.628
            1.000000  0.050000  0.050000
   -1.423   -1.391    3.365    3.528    7.123    7.320   16.419   16.535
            1.000000  0.075000  0.075000
   -1.435   -1.361    3.207    3.550    7.149    7.569   16.169   16.391
            1.000000  0.100000  0.100000
   -1.454   -1.320    3.019    3.581    7.185    7.887   15.878   16.208
            1.000000  0.125000  0.125000
   -1.481   -1.266    2.819    3.621    7.231    8.256   15.565   15.998
            1.000000  0.150000  0.150000
   -1.518   -1.201    2.621    3.669    7.286    8.665   15.241   15.770
            1.000000  0.175000  0.175000
   -1.569   -1.124    2.436    3.726    7.352    9.105   14.915   15.495
            1.000000  0.200000  0.200000
   -1.635   -1.035    2.273    3.790    7.427    9.569   14.588   15.154
            1.000000  0.225000  0.225000
   -1.720   -0.934    2.136    3.863    7.512   10.053   14.266   14.821
            1.000000  0.250000  0.250000
   -1.823   -0.821    2.031    3.943    7.605   10.553   13.948   14.497
            0.966667  0.241667  0.241667
   -1.827   -0.823    2.077    3.920    7.579   10.391   13.969   14.386
            0.933333  0.233333  0.233333
   -1.915   -0.745    2.152    3.905    7.565   10.242   13.876   14.172
            0.900000  0.225000  0.225000
   -2.064   -0.606    2.252    3.900    7.564   10.107   13.738   13.949
            0.866667  0.216667  0.216667
   -2.248   -0.430    2.373    3.904    7.575    9.988   13.584   13.725
            0.833333  0.208333  0.208333
   -2.449   -0.230    2.511    3.917    7.597    9.885   13.426   13.501
            0.800000  0.200000  0.200000
   -2.659   -0.014    2.664    3.940    7.630    9.799   13.268   13.278
            0.766667  0.191667  0.191667
   -2.870    0.216    2.829    3.972    7.672    9.732   13.057   13.111
            0.733333  0.183333  0.183333
   -3.081    0.456    3.005    4.014    7.722    9.687   12.837   12.954
            0.700000  0.175000  0.175000
   -3.288    0.705    3.188    4.066    7.778    9.664   12.619   12.799
            0.666667  0.166667  0.166667
   -3.491    0.963    3.378    4.126    7.837    9.667   12.403   12.642
            0.633333  0.158333  0.158333
   -3.687    1.229    3.573    4.196    7.899    9.696   12.189   12.484
            0.600000  0.150000  0.150000
   -3.876    1.502    3.772    4.276    7.960    9.753   11.977   12.321
            0.566667  0.141667  0.141667
   -4.056    1.782    3.973    4.364    8.020    9.839   11.770   12.152
            0.533333  0.133333  0.133333
   -4.229    2.070    4.174    4.461    8.079    9.951   11.567   11.976
            0.500000  0.125000  0.125000
   -4.392    2.363    4.375    4.567    8.136   10.086   11.372   11.790
            0.466667  0.116667  0.116667
   -4.547    2.663    4.574    4.682    8.192   10.234   11.191   11.594
            0.433333  0.108333  0.108333
   -4.691    2.969    4.771    4.804    8.250   10.372   11.043   11.387
            0.400000  0.100000  0.100000
   -4.826    3.279    4.934    4.963    8.309   10.441   10.980   11.169
            0.366667  0.091667  0.091667
   -4.950    3.593    5.070    5.150    8.371   10.383   10.943   11.050
            0.333333  0.083333  0.083333
   -5.064    3.911    5.213    5.331    8.436   10.248   10.710   11.184
            0.300000  0.075000  0.075000
   -5.168    4.231    5.360    5.503    8.504   10.090   10.474   11.295
            0.266667  0.066667  0.066667
   -5.261    4.550    5.511    5.667    8.575    9.928   10.238   11.320
            0.233333  0.058333  0.058333
   -5.344    4.867    5.663    5.819    8.647    9.768   10.005   11.223
            0.200000  0.050000  0.050000
   -5.415    5.178    5.814    5.959    8.718    9.613    9.781   11.032
            0.166667  0.041667  0.041667
   -5.476    5.478    5.961    6.084    8.787    9.464    9.570   10.798
            0.133333  0.033333  0.033333
   -5.526    5.759    6.097    6.191    8.849    9.324    9.379   10.562
            0.100000  0.025000  0.025000
   -5.564    6.009    6.217    6.279    8.903    9.195    9.215   10.352
            0.066667  0.016667  0.016667
   -5.592    6.213    6.313    6.343    8.944    9.084    9.088   10.189
            0.033333  0.008333  0.008333
   -5.609    6.349    6.375    6.384    8.969    9.006    9.007   10.087
            0.000000  0.000000  0.000000
   -5.614    6.397    6.397    6.397    8.978    8.978    8.978   10.052
